1.000000 1.543081 0.587601 0.588060 0.091970 0.091970
1.010000 1.548961 0.594406 0.588981 0.094849 0.092059
1.020000 1.554851 0.601231 0.589902 0.097789 0.092149
1.030000 1.560750 0.608075 0.590824 0.100791 0.092238
1.040000 1.566658 0.614938 0.591748 0.103857 0.092328
1.050000 1.572576 0.621821 0.592672 0.106985 0.092418
1.060000 1.578503 0.628723 0.593597 0.110178 0.092508
1.070000 1.584438 0.635645 0.594523 0.113436 0.092597
1.080000 1.590384 0.642586 0.595450 0.116760 0.092687
1.090000 1.596338 0.649546 0.596378 0.120150 0.092777
1.100000 1.602302 0.656527 0.597306 0.123607 0.092867
1.110000 1.608275 0.663526 0.598236 0.127132 0.092957
1.120000 1.614257 0.670546 0.599166 0.130725 0.093048
1.130000 1.620249 0.677585 0.600098 0.134389 0.093138
1.140000 1.626250 0.684643 0.601030 0.138122 0.093228
1.150000 1.632260 0.691721 0.601963 0.141926 0.093319
1.160000 1.638280 0.698820 0.602897 0.145802 0.093409
1.170000 1.644309 0.705937 0.603832 0.149750 0.093500
1.180000 1.650347 0.713075 0.604768 0.153772 0.093590
1.190000 1.656395 0.720232 0.605705 0.157867 0.093681
1.200000 1.662452 0.727409 0.606643 0.162037 0.093771
1.210000 1.668518 0.734606 0.607581 0.166283 0.093862
1.220000 1.674594 0.741823 0.608521 0.170604 0.093953
1.230000 1.680679 0.749059 0.609461 0.175003 0.094044
1.240000 1.686774 0.756316 0.610403 0.179480 0.094135
1.250000 1.692878 0.763593 0.611345 0.184035 0.094226
1.260000 1.698992 0.770889 0.612288 0.188669 0.094317
1.270000 1.705114 0.778206 0.613232 0.193384 0.094408
1.280000 1.711247 0.785542 0.614177 0.198179 0.094499
1.290000 1.717389 0.792899 0.615123 0.203056 0.094590
1.300000 1.723540 0.800276 0.616070 0.208016 0.094682
1.310000 1.729700 0.807673 0.617018 0.213059 0.094773
1.320000 1.735871 0.815090 0.617966 0.218186 0.094865
1.330000 1.742050 0.822527 0.618916 0.223398 0.094956
1.340000 1.748239 0.829984 0.619866 0.228695 0.095048
1.350000 1.754438 0.837462 0.620818 0.234079 0.095139
1.360000 1.760646 0.844960 0.621770 0.239550 0.095231
1.370000 1.766864 0.852478 0.622723 0.245109 0.095323
1.380000 1.773091 0.860017 0.623677 0.250757 0.095415
1.390000 1.779328 0.867576 0.624632 0.256494 0.095507
1.400000 1.785574 0.875155 0.625588 0.262323 0.095599
1.410000 1.791830 0.882755 0.626545 0.268242 0.095691
1.420000 1.798096 0.890375 0.627503 0.274254 0.095783
1.430000 1.804371 0.898015 0.628462 0.280358 0.095875
1.440000 1.810655 0.905676 0.629422 0.286556 0.095967
1.450000 1.816949 0.913358 0.630382 0.292849 0.096059
1.460000 1.823253 0.921060 0.631344 0.299237 0.096152
1.470000 1.829567 0.928783 0.632306 0.305722 0.096244
1.480000 1.835890 0.936526 0.633269 0.312303 0.096337
1.490000 1.842223 0.944290 0.634234 0.318983 0.096429
1.500000 1.848565 0.952075 0.635199 0.325761 0.096522
1.510000 1.854917 0.959880 0.636165 0.332639 0.096614
1.520000 1.861279 0.967706 0.637132 0.339617 0.096707
1.529999 1.867650 0.975553 0.638100 0.346697 0.096800
1.539999 1.874031 0.983421 0.639069 0.353878 0.096893
1.549999 1.880422 0.991309 0.640039 0.361163 0.096986
1.559999 1.886822 0.999218 0.641010 0.368552 0.097079
1.569999 1.893232 1.007149 0.641982 0.376045 0.097172
1.579999 1.899652 1.015100 0.642954 0.383644 0.097265
1.589999 1.906081 1.023072 0.643928 0.391349 0.097358
1.599999 1.912521 1.031064 0.644902 0.399161 0.097451
1.609999 1.918970 1.039078 0.645878 0.407082 0.097545
1.619999 1.925429 1.047113 0.646854 0.415111 0.097638
1.629999 1.931897 1.055169 0.647831 0.423251 0.097732
1.639999 1.938375 1.063246 0.648810 0.431501 0.097825
1.649999 1.944863 1.071344 0.649789 0.439863 0.097919
1.659999 1.951361 1.079463 0.650769 0.448338 0.098012
1.669999 1.957869 1.087604 0.651750 0.456925 0.098106
1.679999 1.964386 1.095765 0.652732 0.465628 0.098200
1.689999 1.970914 1.103948 0.653715 0.474445 0.098294
1.699999 1.977451 1.112152 0.654699 0.483378 0.098388
1.709999 1.983998 1.120377 0.655684 0.492429 0.098482
1.719999 1.990555 1.128624 0.656669 0.501597 0.098576
1.729999 1.997121 1.136892 0.657656 0.510884 0.098670
1.739999 2.003698 1.145181 0.658644 0.520291 0.098764
1.749999 2.010284 1.153492 0.659632 0.529818 0.098858
1.759999 2.016881 1.161824 0.660622 0.539467 0.098952
1.769999 2.023487 1.170178 0.661612 0.549238 0.099047
1.779999 2.030103 1.178553 0.662604 0.559132 0.099141
1.789999 2.036729 1.186949 0.663596 0.569151 0.099236
1.799999 2.043365 1.195367 0.664589 0.579294 0.099330
1.809999 2.050011 1.203807 0.665584 0.589564 0.099425
1.819999 2.056667 1.212268 0.666579 0.599961 0.099520
1.829999 2.063333 1.220751 0.667575 0.610485 0.099614
1.839999 2.070009 1.229256 0.668572 0.621139 0.099709
1.849999 2.076694 1.237782 0.669570 0.631922 0.099804
1.859999 2.083390 1.246330 0.670569 0.642836 0.099899
1.869999 2.090096 1.254900 0.671569 0.653882 0.099994
1.879999 2.096811 1.263491 0.672570 0.665060 0.100089
1.889999 2.103537 1.272104 0.673572 0.676371 0.100184
1.899999 2.110273 1.280739 0.674575 0.687818 0.100280
1.909999 2.117018 1.289396 0.675578 0.699399 0.100375
1.919999 2.123774 1.298075 0.676583 0.711117 0.100470
1.929999 2.130540 1.306776 0.677589 0.722972 0.100566
1.939999 2.137316 1.315499 0.678595 0.734965 0.100661
1.949999 2.144102 1.324244 0.679603 0.747098 0.100757
1.959999 2.150898 1.333010 0.680611 0.759371 0.100852
1.969999 2.157704 1.341799 0.681621 0.771785 0.100948
1.979999 2.164520 1.350610 0.682631 0.784341 0.101044
1.989999 2.171346 1.359443 0.683643 0.797040 0.101140
1.999999 2.178183 1.368298 0.684655 0.809883 0.101235
2.009999 2.185030 1.377175 0.685668 0.822872 0.101331
2.019999 2.191886 1.386075 0.686683 0.836006 0.101427
2.029999 2.198753 1.394997 0.687698 0.849287 0.101523
2.039999 2.205630 1.403940 0.688714 0.862717 0.101620
2.049999 2.212517 1.412907 0.689731 0.876295 0.101716
2.059999 2.219414 1.421895 0.690749 0.890023 0.101812
2.069999 2.226322 1.430906 0.691768 0.903902 0.101908
2.079999 2.233240 1.439939 0.692788 0.917933 0.102005
2.089999 2.240167 1.448995 0.693810 0.932117 0.102101
2.099999 2.247106 1.458073 0.694831 0.946455 0.102198
2.109999 2.254054 1.467174 0.695854 0.960948 0.102295
2.119999 2.261012 1.476297 0.696878 0.975597 0.102391
2.129999 2.267981 1.485443 0.697903 0.990403 0.102488
2.139999 2.274960 1.494611 0.698929 1.005367 0.102585
2.149999 2.281950 1.503802 0.699956 1.020489 0.102682
2.159999 2.288949 1.513015 0.700984 1.035772 0.102779
2.169999 2.295959 1.522251 0.702012 1.051216 0.102876
2.179999 2.302979 1.531510 0.703042 1.066822 0.102973
2.189999 2.310009 1.540791 0.704073 1.082591 0.103070
2.199999 2.317050 1.550095 0.705105 1.098524 0.103167
2.209999 2.324101 1.559422 0.706137 1.114622 0.103264
2.219999 2.331163 1.568772 0.707171 1.130886 0.103362
2.229999 2.338234 1.578145 0.708205 1.147318 0.103459
2.239999 2.345316 1.587540 0.709241 1.163918 0.103557
2.249999 2.352409 1.596959 0.710277 1.180687 0.103654
2.259999 2.359512 1.606400 0.711315 1.197626 0.103752
2.269999 2.366625 1.615864 0.712353 1.214737 0.103850
2.279999 2.373748 1.625351 0.713393 1.232020 0.103947
2.289999 2.380882 1.634861 0.714433 1.249477 0.104045
2.299999 2.388026 1.644395 0.715475 1.267109 0.104143
2.309999 2.395181 1.653951 0.716517 1.284916 0.104241
2.319999 2.402346 1.663531 0.717561 1.302899 0.104339
2.329999 2.409522 1.673133 0.718605 1.321061 0.104437
2.339999 2.416708 1.682759 0.719650 1.339401 0.104535
2.349999 2.423905 1.692408 0.720697 1.357921 0.104634
2.359999 2.431112 1.702080 0.721744 1.376622 0.104732
2.369999 2.438329 1.711776 0.722792 1.395506 0.104830
2.379999 2.445557 1.721495 0.723842 1.414572 0.104929
2.389999 2.452795 1.731237 0.724892 1.433822 0.105027
2.399999 2.460044 1.741002 0.725943 1.453258 0.105126
2.409999 2.467304 1.750791 0.726995 1.472880 0.105224
2.419999 2.474574 1.760603 0.728049 1.492690 0.105323
2.429999 2.481854 1.770439 0.729103 1.512689 0.105422
2.439999 2.489145 1.780298 0.730158 1.532876 0.105521
2.449999 2.496447 1.790181 0.731214 1.553255 0.105620
2.459999 2.503759 1.800088 0.732271 1.573826 0.105719
2.469999 2.511081 1.810017 0.733330 1.594590 0.105818
2.479999 2.518415 1.819971 0.734389 1.615548 0.105917
2.489999 2.525759 1.829948 0.735449 1.636701 0.106016
2.499999 2.533113 1.839949 0.736510 1.658050 0.106115
2.509999 2.540478 1.849974 0.737572 1.679597 0.106215
2.519999 2.547854 1.860022 0.738635 1.701342 0.106314
2.529999 2.555240 1.870094 0.739699 1.723288 0.106413
2.539999 2.562637 1.880190 0.740765 1.745434 0.106513
2.549999 2.570045 1.890309 0.741831 1.767782 0.106612
2.559999 2.577463 1.900453 0.742898 1.790333 0.106712
2.569999 2.584892 1.910620 0.743966 1.813088 0.106812
2.579998 2.592332 1.920812 0.745035 1.836049 0.106912
2.589998 2.599782 1.931027 0.746105 1.859216 0.107012
2.599998 2.607243 1.941266 0.747176 1.882592 0.107111
2.609998 2.614715 1.951530 0.748248 1.906175 0.107211
2.619998 2.622198 1.961817 0.749322 1.929969 0.107312
2.629998 2.629691 1.972128 0.750396 1.953974 0.107412
2.639998 2.637195 1.982464 0.751471 1.978192 0.107512
2.649998 2.644710 1.992824 0.752547 2.002623 0.107612
2.659998 2.652235 2.003208 0.753624 2.027268 0.107713
2.669998 2.659771 2.013616 0.754702 2.052130 0.107813
2.679998 2.667318 2.024048 0.755781 2.077208 0.107913
2.689998 2.674876 2.034505 0.756861 2.102505 0.108014
2.699998 2.682445 2.044986 0.757943 2.128021 0.108115
2.709998 2.690024 2.055491 0.759025 2.153757 0.108215
2.719998 2.697614 2.066021 0.760108 2.179715 0.108316
2.729998 2.705215 2.076575 0.761192 2.205896 0.108417
2.739998 2.712827 2.087153 0.762277 2.232301 0.108518
2.749998 2.720450 2.097756 0.763363 2.258932 0.108619
2.759998 2.728084 2.108384 0.764451 2.285789 0.108720
2.769998 2.735728 2.119036 0.765539 2.312873 0.108821
2.779998 2.743384 2.129712 0.766628 2.340187 0.108922
2.789998 2.751050 2.140414 0.767718 2.367731 0.109023
2.799998 2.758727 2.151139 0.768810 2.395505 0.109125
2.809998 2.766415 2.161890 0.769902 2.423513 0.109226
2.819998 2.774114 2.172665 0.770995 2.451754 0.109328
2.829998 2.781824 2.183465 0.772089 2.480230 0.109429
2.839998 2.789545 2.194289 0.773185 2.508943 0.109531
2.849998 2.797277 2.205139 0.774281 2.537893 0.109632
2.859998 2.805020 2.216013 0.775378 2.567081 0.109734
2.869998 2.812773 2.226912 0.776477 2.596509 0.109836
2.879998 2.820538 2.237836 0.777576 2.626179 0.109938
2.889998 2.828314 2.248785 0.778677 2.656090 0.110040
2.899998 2.836101 2.259759 0.779778 2.686246 0.110142
2.909998 2.843899 2.270758 0.780880 2.716646 0.110244
2.919998 2.851707 2.281782 0.781984 2.747293 0.110346
2.929998 2.859527 2.292831 0.783088 2.778186 0.110448
2.939998 2.867358 2.303905 0.784194 2.809328 0.110550
2.949998 2.875200 2.315004 0.785300 2.840720 0.110653
2.959998 2.883053 2.326128 0.786408 2.872364 0.110755
2.969998 2.890917 2.337278 0.787516 2.904259 0.110858
2.979998 2.898792 2.348453 0.788626 2.936409 0.110960
2.989998 2.906679 2.359653 0.789737 2.968813 0.111063
2.999998 2.914576 2.370878 0.790848 3.001473 0.111166
3.009998 2.922484 2.382128 0.791961 3.034391 0.111268
3.019998 2.930404 2.393404 0.793075 3.067568 0.111371
3.029998 2.938335 2.404706 0.794189 3.101004 0.111474
3.039998 2.946277 2.416032 0.795305 3.134702 0.111577
3.049998 2.954230 2.427384 0.796422 3.168663 0.111680
3.059998 2.962194 2.438762 0.797540 3.202888 0.111783
3.069998 2.970169 2.450165 0.798659 3.237377 0.111887
3.079998 2.978156 2.461594 0.799779 3.272134 0.111990
3.089998 2.986154 2.473048 0.800900 3.307158 0.112093
3.099998 2.994163 2.484528 0.802022 3.342451 0.112197
3.109998 3.002183 2.496033 0.803145 3.378015 0.112300
3.119998 3.010214 2.507565 0.804269 3.413850 0.112404
3.129998 3.018257 2.519122 0.805394 3.449958 0.112507
3.139998 3.026311 2.530704 0.806520 3.486341 0.112611
3.149998 3.034376 2.542313 0.807647 3.523000 0.112715
3.159998 3.042453 2.553947 0.808775 3.559935 0.112819
3.169998 3.050540 2.565607 0.809904 3.597149 0.112923
3.179998 3.058640 2.577293 0.811035 3.634643 0.113027
3.189998 3.066750 2.589005 0.812166 3.672418 0.113131
3.199998 3.074872 2.600743 0.813298 3.710475 0.113235
3.209998 3.083004 2.612507 0.814432 3.748816 0.113339
3.219998 3.091149 2.624296 0.815566 3.787441 0.113443
3.229998 3.099304 2.636112 0.816702 3.826354 0.113548
3.239998 3.107471 2.647954 0.817838 3.865554 0.113652
3.249998 3.115650 2.659822 0.818976 3.905043 0.113756
3.259998 3.123840 2.671717 0.820114 3.944823 0.113861
3.269998 3.132041 2.683637 0.821254 3.984895 0.113966
3.279998 3.140253 2.695584 0.822395 4.025259 0.114070
3.289998 3.148477 2.707556 0.823536 4.065919 0.114175
3.299998 3.156713 2.719556 0.824679 4.106874 0.114280
3.309998 3.164959 2.731581 0.825823 4.148128 0.114385
3.319998 3.173218 2.743633 0.826968 4.189679 0.114490
3.329998 3.181487 2.755711 0.828114 4.231531 0.114595
3.339998 3.189768 2.767816 0.829261 4.273684 0.114700
3.349998 3.198061 2.779947 0.830409 4.316140 0.114805
3.359998 3.206365 2.792104 0.831558 4.358900 0.114910
3.369998 3.214681 2.804289 0.832708 4.401967 0.115016
3.379998 3.223008 2.816499 0.833859 4.445340 0.115121
3.389998 3.231346 2.828737 0.835012 4.489021 0.115227
3.399998 3.239697 2.841000 0.836165 4.533013 0.115332
3.409998 3.248058 2.853291 0.837319 4.577316 0.115438
3.419998 3.256431 2.865608 0.838475 4.621932 0.115543
3.429998 3.264816 2.877952 0.839631 4.666862 0.115649
3.439998 3.273212 2.890323 0.840789 4.712107 0.115755
3.449998 3.281620 2.902720 0.841947 4.757669 0.115861
3.459998 3.290040 2.915144 0.843107 4.803550 0.115967
3.469998 3.298471 2.927596 0.844268 4.849751 0.116073
3.479998 3.306913 2.940074 0.845430 4.896273 0.116179
3.489998 3.315368 2.952579 0.846592 4.943118 0.116285
3.499998 3.323834 2.965111 0.847756 4.990287 0.116392
3.509998 3.332311 2.977669 0.848921 5.037782 0.116498
3.519998 3.340801 2.990256 0.850087 5.085603 0.116604
3.529998 3.349301 3.002869 0.851255 5.133754 0.116711
3.539998 3.357814 3.015509 0.852423 5.182234 0.116817
3.549998 3.366338 3.028176 0.853592 5.231046 0.116924
3.559998 3.374874 3.040870 0.854762 5.280190 0.117031
3.569998 3.383422 3.053592 0.855934 5.329669 0.117137
3.579998 3.391981 3.066341 0.857106 5.379485 0.117244
3.589998 3.400552 3.079117 0.858280 5.429637 0.117351
3.599998 3.409135 3.091921 0.859454 5.480128 0.117458
3.609998 3.417729 3.104752 0.860630 5.530960 0.117565
3.619998 3.426336 3.117610 0.861807 5.582133 0.117672
3.629997 3.434954 3.130495 0.862984 5.633650 0.117780
3.639997 3.443583 3.143409 0.864163 5.685511 0.117887
3.649997 3.452225 3.156349 0.865343 5.737719 0.117994
3.659997 3.460879 3.169317 0.866524 5.790274 0.118102
3.669997 3.469544 3.182313 0.867706 5.843179 0.118209
3.679997 3.478221 3.195336 0.868889 5.896434 0.118317
3.689997 3.486910 3.208387 0.870074 5.950042 0.118424
3.699997 3.495610 3.221465 0.871259 6.004004 0.118532
3.709997 3.504323 3.234572 0.872445 6.058321 0.118640
3.719997 3.513048 3.247705 0.873633 6.112995 0.118748
3.729997 3.521784 3.260867 0.874821 6.168027 0.118856
3.739997 3.530532 3.274057 0.876011 6.223419 0.118964
3.749997 3.539292 3.287274 0.877202 6.279172 0.119072
3.759997 3.548064 3.300519 0.878394 6.335289 0.119180
3.769997 3.556848 3.313792 0.879586 6.391770 0.119288
3.779997 3.565644 3.327093 0.880780 6.448617 0.119396
3.789997 3.574452 3.340422 0.881975 6.505832 0.119505
3.799997 3.583272 3.353779 0.883172 6.563416 0.119613
3.809997 3.592103 3.367164 0.884369 6.621371 0.119722
3.819997 3.600947 3.380578 0.885567 6.679698 0.119830
3.829997 3.609803 3.394019 0.886766 6.738399 0.119939
3.839997 3.618670 3.407488 0.887967 6.797475 0.120048
3.849997 3.627550 3.420986 0.889169 6.856928 0.120157
3.859997 3.636442 3.434512 0.890371 6.916760 0.120265
3.869997 3.645345 3.448066 0.891575 6.976972 0.120374
3.879997 3.654261 3.461648 0.892780 7.037565 0.120483
3.889997 3.663189 3.475259 0.893986 7.098542 0.120593
3.899997 3.672129 3.488898 0.895193 7.159904 0.120702
3.909997 3.681081 3.502565 0.896401 7.221653 0.120811
3.919997 3.690045 3.516261 0.897610 7.283789 0.120920
3.929997 3.699021 3.529986 0.898820 7.346315 0.121030
3.939997 3.708009 3.543739 0.900032 7.409232 0.121139
3.949997 3.717009 3.557520 0.901244 7.472542 0.121249
3.959997 3.726022 3.571330 0.902458 7.536247 0.121358
3.969997 3.735046 3.585169 0.903672 7.600348 0.121468
3.979997 3.744083 3.599036 0.904888 7.664846 0.121578
3.989997 3.753132 3.612932 0.906105 7.729744 0.121688
3.999997 3.762193 3.626856 0.907345 7.795043 0.123962
4.009997 3.771266 3.640810 0.908564 7.860746 0.124075
4.019998 3.780352 3.654793 0.909784 7.926854 0.122023
4.029998 3.789450 3.668804 0.911005 7.993367 0.122134
4.039998 3.798560 3.682844 0.912228 8.060287 0.122244
4.049998 3.807682 3.696913 0.913451 8.127618 0.122354
4.059999 3.816817 3.711012 0.914676 8.195358 0.122465
4.069999 3.825964 3.725139 0.915902 8.263512 0.122575
4.079999 3.835123 3.739295 0.917129 8.332079 0.122685
4.089999 3.844294 3.753480 0.918357 8.401062 0.122796
4.099999 3.853477 3.767694 0.919586 8.470463 0.122907
4.110000 3.862673 3.781937 0.920816 8.540282 0.123017
4.120000 3.871881 3.796210 0.922047 8.610523 0.123128
4.130000 3.881102 3.810512 0.923280 8.681187 0.123239
4.140000 3.890335 3.824842 0.924513 8.752274 0.123350
4.150001 3.899580 3.839203 0.925748 8.823787 0.123461
4.160001 3.908837 3.853592 0.926983 8.895727 0.123572
4.170001 3.918107 3.868011 0.928220 8.968097 0.123683
4.180001 3.927389 3.882459 0.929458 9.040897 0.123795
4.190001 3.936684 3.896937 0.930697 9.114131 0.123906
4.200002 3.945991 3.911444 0.931937 9.187799 0.124018
4.210002 3.955310 3.925980 0.933179 9.261903 0.124129
4.220002 3.964642 3.940547 0.934421 9.336444 0.124241
4.230002 3.973986 3.955142 0.935665 9.411425 0.124352
4.240003 3.983343 3.969767 0.936909 9.486847 0.124464
4.250003 3.992712 3.984422 0.938155 9.562712 0.124576
4.260003 4.002094 3.999107 0.939402 9.639022 0.124688
4.270003 4.011487 4.013821 0.940650 9.715777 0.124799
4.280004 4.020894 4.028565 0.941899 9.792981 0.124912
4.290004 4.030313 4.043339 0.943149 9.870635 0.125024
4.300004 4.039745 4.058142 0.944401 9.948741 0.125136
4.310004 4.049189 4.072976 0.945653 10.027299 0.125248
4.320004 4.058645 4.087839 0.946907 10.106313 0.125360
4.330005 4.068114 4.102732 0.948161 10.185783 0.125473
4.340005 4.077596 4.117655 0.949417 10.265713 0.125585
4.350005 4.087090 4.132608 0.950674 10.346102 0.125698
4.360005 4.096597 4.147592 0.951932 10.426953 0.125810
4.370006 4.106116 4.162605 0.953192 10.508269 0.125923
4.380006 4.115648 4.177648 0.954452 10.590050 0.126036
4.390006 4.125193 4.192722 0.955713 10.672298 0.126149
4.400006 4.134750 4.207826 0.956976 10.755016 0.126262
4.410007 4.144320 4.222960 0.958240 10.838204 0.126375
4.420007 4.153902 4.238124 0.959505 10.921866 0.126488
4.430007 4.163497 4.253318 0.960771 11.006002 0.126601
4.440007 4.173105 4.268543 0.962038 11.090614 0.126714
4.450007 4.182725 4.283798 0.963306 11.175705 0.126827
4.460008 4.192358 4.299084 0.964575 11.261275 0.126941
4.470008 4.202004 4.314400 0.965846 11.347327 0.127054
4.480008 4.211662 4.329746 0.967118 11.433864 0.127168
4.490008 4.221334 4.345124 0.968390 11.520885 0.127281
4.500009 4.231017 4.360531 0.969664 11.608393 0.127395
4.510009 4.240714 4.375969 0.970940 11.696390 0.127509
4.520009 4.250423 4.391438 0.972216 11.784879 0.127622
4.530009 4.260146 4.406938 0.973493 11.873859 0.127736
4.540009 4.269880 4.422468 0.974772 11.963335 0.127850
4.550010 4.279628 4.438029 0.976051 12.053308 0.127964
4.560010 4.289389 4.453621 0.977332 12.143778 0.128079
4.570010 4.299162 4.469244 0.978614 12.234748 0.128193
4.580010 4.308948 4.484897 0.979897 12.326221 0.128307
4.590011 4.318747 4.500581 0.981181 12.418197 0.128421
4.600011 4.328559 4.516296 0.982467 12.510678 0.128536
4.610011 4.338384 4.532043 0.983753 12.603668 0.128650
4.620011 4.348221 4.547820 0.985041 12.697166 0.128765
4.630012 4.358071 4.563628 0.986330 12.791177 0.128880
4.640012 4.367935 4.579468 0.987620 12.885699 0.128994
4.650012 4.377811 4.595338 0.988911 12.980738 0.129109
4.660012 4.387700 4.611240 0.990203 13.076293 0.129224
4.670012 4.397602 4.627173 0.991496 13.172367 0.129339
4.680013 4.407517 4.643137 0.992791 13.268962 0.129454
4.690013 4.417445 4.659132 0.994086 13.366079 0.129569
4.700013 4.427386 4.675159 0.995383 13.463720 0.129684
4.710013 4.437340 4.691217 0.996681 13.561889 0.129800
4.720014 4.447307 4.707306 0.997980 13.660585 0.129915
4.730014 4.457286 4.723427 0.999281 13.759812 0.130030
4.740014 4.467279 4.739580 1.000582 13.859571 0.130146
4.750014 4.477285 4.755764 1.001885 13.959865 0.130262
4.760015 4.487304 4.771979 1.003189 14.060694 0.130377
4.770015 4.497336 4.788226 1.004494 14.162061 0.130493
4.780015 4.507380 4.804505 1.005800 14.263968 0.130609
4.790015 4.517438 4.820815 1.007107 14.366417 0.130725
4.800015 4.527510 4.837157 1.008415 14.469409 0.130841
4.810016 4.537594 4.853531 1.009725 14.572948 0.130957
4.820016 4.547691 4.869936 1.011036 14.677033 0.131073
4.830016 4.557801 4.886374 1.012347 14.781670 0.131189
4.840016 4.567925 4.902843 1.013661 14.886857 0.131305
4.850017 4.578062 4.919343 1.014975 14.992598 0.131422
4.860017 4.588211 4.935877 1.016290 15.098894 0.131538
4.870017 4.598374 4.952442 1.017607 15.205749 0.131655
4.880017 4.608550 4.969038 1.018924 15.313162 0.131771
4.890018 4.618740 4.985668 1.020243 15.421137 0.131888
4.900018 4.628942 5.002329 1.021563 15.529675 0.132005
4.910018 4.639158 5.019022 1.022884 15.638780 0.132122
4.920018 4.649386 5.035747 1.024207 15.748451 0.132238
4.930018 4.659628 5.052505 1.025530 15.858691 0.132355
4.940019 4.669884 5.069294 1.026855 15.969504 0.132472
4.950019 4.680152 5.086117 1.028181 16.080891 0.132590
4.960019 4.690434 5.102971 1.029508 16.192852 0.132707
4.970019 4.700729 5.119858 1.030836 16.305389 0.132824
4.980020 4.711038 5.136777 1.032166 16.418509 0.132941
4.990020 4.721359 5.153728 1.033496 16.532209 0.133059
